x <- 2*3 + 5
x

y <- 4 + 8
x*y

